#TimeSinceProgStart(s)	Ranger 5000 Load Cell Amplifier
0.000000	2.78
0.096457	2.78
0.176441	2.78
0.271817	2.79
0.368438	2.78
0.464114	2.79
0.560221	2.79
0.655882	2.79
0.752205	2.79
0.848358	2.79
0.959497	2.79
1.023762	2.79
1.103729	2.79
1.183809	2.79
1.279231	2.79
1.375314	2.79
1.472436	2.79
1.567534	2.79
1.663496	2.79
1.759340	2.79
1.855138	2.79
1.935529	2.79
2.031781	2.79
2.130562	2.79
2.206163	2.79
2.270383	2.79
2.366931	2.79
2.463044	2.79
2.562081	2.79
2.655442	2.79
2.750866	2.79
2.846911	2.79
2.942723	2.79
3.038732	2.79
3.118675	2.79
3.214808	2.79
3.311798	2.79
3.391003	2.79
3.470864	2.79
3.550860	2.79
3.647242	2.79
3.743018	2.79
3.838489	2.79
3.934584	2.79
4.030759	2.79
4.126466	2.79
4.207013	2.79
4.302522	2.79
4.398597	2.79
4.494420	2.79
4.574427	2.79
4.654311	2.79
4.734379	2.79
4.830826	2.79
4.926157	2.79
5.022314	2.79
5.118115	2.79
5.214354	2.79
5.309913	2.79
5.406152	2.79
5.502020	2.79
5.598429	2.79
5.694184	2.79
5.773950	2.79
5.838105	2.79
5.933224	2.79
6.029677	2.8
6.110100	2.8
6.205865	2.8
6.301768	2.8
6.397739	2.8
6.493741	2.8
6.589696	2.8
6.685683	2.8
6.781566	2.8
6.861749	2.8
6.926139	2.8
7.021317	2.8
7.117238	2.8
7.213280	2.8
7.293370	2.8
7.389343	2.8
7.485150	2.8
7.597004	2.8
7.693283	2.8
7.789237	2.8
7.885805	2.8
7.949299	2.8
8.029085	2.8
8.109174	2.8
8.205089	2.8
8.301430	2.8
8.396785	2.8
8.492862	2.8
8.588653	2.8
8.685013	2.8
8.780749	2.8
8.876992	2.8
8.973025	2.8
9.037023	2.8
9.116607	2.8
9.196519	2.8
9.292592	2.8
9.387412	2.8
9.483460	2.8
9.579676	2.8
9.675466	2.8
9.771266	2.8
9.867181	2.79
9.963115	2.79
10.059763	2.79
10.139943	2.79
10.218949	2.79
10.300009	2.79
10.380314	2.79
10.475023	2.79
10.570994	2.79
10.667228	2.79
10.762872	2.79
10.859756	2.79
10.955800	2.79
11.051041	2.79
11.146674	2.79
11.242625	nan
12.245369	26.69
12.282654	25
12.378096	24.57
12.458165	24.51
12.555043	24.5
12.650361	24.33
12.746978	24.52
12.826311	24.42
12.921855	24.44
13.018776	24.6
13.113745	24.52
13.209503	24.78
13.291577	24.81
13.386511	24.69
13.466665	24.76
13.562565	24.51
13.657523	24.35
13.737434	24.46
13.834166	24.43
13.930131	24.62
14.025533	24.28
14.106251	24.44
14.202132	24.45
14.281044	24.23
14.362283	24.27
14.457383	24.27
14.537028	24.39
14.632992	24.48
14.713881	24.66
14.809686	24.8
14.905232	24.88
14.985561	25.02
15.064661	24.95
15.160591	25.08
15.240561	25.16
15.337074	25.21
15.417215	25.47
15.513570	25.39
15.608351	25.17
15.688309	25.22
15.768308	25.4
15.865608	25.34
15.944773	25.08
16.041118	25.09
16.120104	25.12
16.216029	25.19
16.311798	25.35
16.392603	25.26
16.488030	25.11
16.569111	25.3
16.663906	25.51
16.743759	25.36
16.839600	25.37
16.920502	25.3
17.015834	25.26
17.111650	25.39
17.191540	25.26
17.271628	25.39
17.368662	25.05
17.463684	24.91
17.543248	25.28
17.623204	25.61
17.719378	25.49
17.816019	25.26
17.895492	25.19
17.991073	25.35
18.071112	25.21
18.167047	25.08
18.247085	25.14
18.344059	25.37
18.423260	25.5
18.519601	25.27
18.598959	25.22
18.694632	25.22
18.775946	25.22
18.872320	24.99
18.966459	25.21
19.046702	25.31
19.142431	25.12
19.222294	25.15
19.318207	25.14
19.414776	24.93
19.494467	24.93
19.590220	25.06
19.670091	25.55
19.767249	25.24
19.862669	25.35
19.942793	25.24
20.038014	25.19
20.117964	25.45
20.213835	25.31
20.294944	25.43
20.389813	25.43
20.469645	25.38
20.565599	25.29
20.645569	25.37
20.741608	25.33
20.821480	25.44
20.917993	25.28
21.013350	25.11
21.093343	25.46
21.190724	25.47
21.270255	25.36
21.365554	24.48
21.461086	23.21
21.525121	22.1
21.605132	15.53
21.685122	4.73
21.765289	4.64
21.861012	4.74
21.956773	4.74
22.036713	4.65
22.132669	4.64
22.228605	4.65
22.308789	4.67
22.404719	4.64
22.486064	4.66
22.582736	4.65
22.677060	4.62
22.772387	4.62
22.868435	4.72
22.965190	4.72
23.060290	4.71
23.156497	4.69
23.252841	4.69
23.348268	4.69
23.444005	4.69
23.524029	4.69
23.620260	4.69
23.716142	4.69
23.811895	4.69
23.908509	4.72
24.003959	4.75
24.099725	5.33
24.179757	4.97
24.275959	4.9
24.355577	4.9
24.451574	5.04
24.531723	5.03
24.627941	4.95
24.707471	5.04
24.803301	4.99
24.883211	4.99
24.979542	5.1
25.075166	5.07
25.155069	5.1
25.251151	5.14
25.331180	5.14
25.427188	5.13
25.506962	5.17
25.603034	5.17
25.683067	5.2
25.780048	5.2
25.890786	5.21
25.986519	5.21
26.066614	5.23
26.162651	5.26
26.258527	5.26
26.354458	5.28
26.450547	5.28
26.546407	5.29
26.628006	5.31
26.722485	5.32
26.818340	5.32
26.914222	5.35
27.010139	5.35
27.106158	5.37
27.201850	5.38
27.297987	5.41
27.394648	5.41
27.489991	5.42
27.585897	5.42
27.665725	5.44
27.777629	5.45
27.873892	5.45
27.969676	5.45
28.065740	5.48
28.161678	5.48
28.257402	5.48
28.353292	5.49
28.449229	5.49
28.545430	5.49
28.641275	5.51
28.738287	5.52
28.833078	5.52
28.929150	5.52
29.025060	5.53
29.120953	5.53
29.217091	5.53
29.312799	5.53
29.409096	5.55
29.504844	5.55
29.601496	5.56
29.696720	5.56
29.792553	5.56
29.889062	5.56
29.984750	5.56
30.080777	5.57
30.176283	5.59
30.272386	5.59
30.368215	5.59
30.448117	5.6
30.544091	5.6
30.640175	5.62
30.736043	5.62
30.831937	5.62
30.928333	5.63
31.008078	5.63
31.104093	5.63
31.199829	5.64
31.295696	5.66
31.391973	5.66
31.487893	5.66
31.584078	5.67
31.647690	5.67
31.727497	5.67
31.807515	5.67
31.904573	5.67
31.999443	5.7
32.095404	5.7
32.191322	5.7
32.287231	5.7
32.367323	5.71
32.479135	5.71
32.575070	5.71
32.654968	5.73
32.751186	5.73
32.847062	5.74
32.942948	5.68
33.038846	5.74
33.118891	5.73
33.214962	5.73
33.310544	5.71
33.406711	5.7
33.502890	5.67
33.598788	5.67
33.694583	5.65
33.791702	5.64
33.870298	5.64
33.966449	5.62
34.062277	5.61
34.159189	5.6
34.254315	5.58
34.350074	5.58
34.430082	5.57
34.526165	5.57
34.622052	5.55
34.718001	5.54
34.814045	5.54
34.910492	5.53
35.005900	5.51
35.101823	5.51
35.197799	5.5
35.293926	5.5
35.389608	5.49
35.485504	5.49
35.581845	5.47
35.661671	5.46
35.757298	5.46
35.853432	5.46
35.949401	5.45
36.045383	5.45
36.141303	5.45
36.237254	5.45
36.333304	5.44
36.429254	5.44
36.525131	5.44
36.621211	5.43
36.716895	5.43
36.813233	5.43
36.908823	5.43
37.004704	5.43
37.100753	5.42
37.196632	5.42
37.292658	5.42
37.372682	5.41
37.468571	5.41
37.564475	5.41
37.661037	5.41
37.756403	5.41
37.852430	5.41
37.948687	5.4
38.044490	5.4
38.140517	5.4
38.236147	5.4
38.332530	5.4
38.427997	5.4
38.524604	5.4
38.619887	5.4
38.715913	5.4
38.811958	5.4
38.907785	5.4
39.004972	5.4
39.099746	5.39
39.179646	5.39
39.275572	5.39
39.371522	5.39
39.468191	5.39
39.564073	5.39
39.659270	5.39
39.755625	5.39
39.851218	5.39
39.947227	5.39
40.043697	5.39
40.139030	5.39
40.237254	5.39
40.330997	5.38
40.426840	5.38
40.522872	5.38
40.619243	5.38
40.730824	5.38
40.794746	5.38
40.875112	5.38
40.954819	5.38
41.051458	5.38
41.147406	5.37
41.243244	5.37
41.339660	5.37
41.435202	5.37
41.530495	5.37
41.610240	5.37
41.706468	5.37
41.818350	5.37
41.914282	5.36
42.010194	5.36
42.090242	5.36
42.186198	5.36
42.283169	5.36
42.378922	5.36
42.474660	5.36
42.571081	5.35
42.650776	5.35
42.762730	
